lista
100510649
100510224
100507880
100507008
100506992
100506979
100506621
100506387
100506075
100505515
100499466
100381270
100289297
100288911
100287932
100287227
100192378
100132999
100132406
100131781
100131096
100130837
100130742
100130502
100130357
100130155
100128927
100128893
100128046
730094
729970
729839
729830
728434
728153
727957
653190
647107
646214
645027
644873
642852
642394
619279
554203
492311
441024
440400
440356
440104
440021
414899
407032
401612
400961
400916
400169
399694
390066
388677
388403
388341
388272
387893
379034
378938
378938
375743
374946
374920
374887
374868
374291
359948
353135
353135
347853
347689
343990
342357
340544
340481
340481
339500
339500
339229
339229
339044
287015
286827
286827
286410
286410
285877
285527
285367
285281
285203
285043
284186
284100
283860
283742
283600
283464
283403
283278
283237
283131
266812
259283
256236
255783
255743
255631
254251
253980
253980
253827
253128
245972
222658
222166
221178
221035
220963
219931
219654
219595
219287
205147
201595
201514
201292
200916
199870
197322
191585
170960
170394
167227
167153
162681
162461
162073
162073
162073
161882
161725
160418
160335
158471
158399
157769
157697
157638
155400
152273
151636
151295
151188
150864
150696
150197
149461
148932
148014
146712
146057
143888
143884
142680
142678
140890
140738
140609
139411
136227
135293
135228
134553
134288
131583
128872
127281
126661
126526
126129
125893
124989
124583
124540
124540
124359
123872
122416
122060
121391
119587
119016
118924
118788
117583
117283
117248
117248
114825
114793
114790
114327
114224
113540
113189
112755
112724
94241
92840
92689
92211
92181
92181
91949
91775
91614
90835
90784
90523
90480
90390
90362
90233
90007
89941
89797
88455
85378
85016
85014
84964
84939
84934
84919
84916
84916
84911
84814
84766
84708
84674
84513
84466
84448
84332
84316
84316
84307
84301
84299
84282
84256
84222
84002
83999
83937
83719
83706
83666
83642
83641
83641
83595
83549
83546
83544
83543
83442
81926
81889
81871
81857
81839
81704
81137
80975
80853
80832
80824
80816
80776
80760
80352
80331
80315
80314
80308
80212
80164
80161
80144
80023
80014
80011
80005
80005
79966
79893
79882
79871
79809
79797
79789
79789
79735
79719
79718
79703
79686
79671
79649
79627
79627
79602
79598
79364
79187
79159
79156
79056
79033
79026
65983
65979
65268
65264
65258
65124
65065
65005
64975
64969
64960
64960
64788
64788
64788
64785
64757
64745
64581
64399
64395
64393
64376
64343
64332
64332
64285
64215
64137
64123
64093
64067
63977
63971
63941
63901
63895
63895
63891
60558
60528
58508
58497
58480
58476
58475
57798
57731
57708
57698
57674
57610
57567
57556
57532
57530
57509
57509
57505
57493
57471
57469
57458
57407
57407
57369
57292
57235
57222
57130
57030
57030
57007
56995
56987
56987
56977
56926
56904
56899
56660
56654
56131
56111
55957
55914
55914
55898
55893
55844
55824
55800
55794
55764
55737
55727
55720
55711
55702
55701
55696
55684
55669
55668
55659
55630
55359
55349
55337
55293
55286
55233
55227
55191
55183
55171
55149
55131
55118
55031
55023
55008
54985
54947
54940
54930
54929
54918
54903
54891
54880
54858
54832
54820
54801
54800
54763
54756
54733
54496
54454
54453
54443
54407
54149
54014
53944
53637
51776
51773
51747
51704
51596
51564
51564
51465
51428
51400
51341
51322
51313
51312
51297
51295
51274
51249
51247
51195
51176
51176
51175
51172
51160
51150
51150
51073
51012
51011
51006
50853
50839
50808
50717
50618
50604
50512
50488
30009
29985
29969
29915
29899
29099
29068
28999
28996
28996
28996
28996
28956
28513
27433
27344
27336
27333
27302
27295
27173
27161
27154
27143
27131
27099
27036
26716
26585
26580
26524
26338
26224
26188
26137
26119
26119
26073
26038
25999
25981
25957
25950
25937
25914
25911
25864
25844
25840
25840
25816
25813
25775
23683
23670
23641
23625
23620
23613
23608
23600
23551
23512
23510
23500
23499
23471
23467
23446
23433
23433
23400
23389
23389
23387
23363
23350
23344
23328
23302
23295
23246
23189
23181
23176
23166
23150
23144
23135
23099
23097
23095
23081
23066
23048
23048
23043
23035
23031
23030
23022
23017
23008
22992
22983
22929
22902
22902
22859
22849
22847
22846
22839
22837
22807
22794
11346
11336
11285
11212
11177
11154
11151
11046
11037
11031
11015
11007
10992
10982
10975
10962
10858
10856
10815
10806
10795
10794
10768
10768
10766
10749
10746
10735
10721
10681
10641
10628
10628
10628
10607
10600
10580
10580
10570
10541
10534
10492
10489
10485
10475
10420
10413
10413
10397
10391
10382
10322
10295
10268
10207
10165
10135
10096
10093
10075
10069
10060
10052
10052
10049
10025
10016
9997
9987
9948
9899
9887
9877
9857
9846
9839
9830
9819
9770
9743
9731
9731
9705
9693
9668
9666
9663
9628
9588
9586
9570
9568
9551
9524
9521
9462
9457
9452
9448
9448
9444
9444
9444
9444
9444
9443
9414
9414
9379
9362
9362
9355
9343
9332
9284
9252
9227
9208
9180
9169
9169
9143
9117
9117
9099
9043
9024
8943
8933
8914
8906
8874
8850
8837
8816
8795
8775
8745
8733
8733
8725
8721
8694
8674
8623
8609
8558
8556
8436
8425
8379
8334
8324
8301
8243
8237
8224
8192
8175
8148
8087
8082
8073
8028
8022
7994
7942
7915
7855
7786
7764
7756
7716
7681
7678
7593
7593
7582
7579
7572
7572
7549
7545
7543
7538
7525
7419
7404
7403
7403
7398
7368
7326
7322
7283
7264
7249
7227
7174
7167
7167
7132
7109
7078
7070
7066
7049
7043
7042
7039
7018
7018
7016
7003
7001
6950
6947
6938
6919
6907
6890
6856
6853
6833
6812
6738
6738
6734
6712
6711
6709
6696
6665
6659
6655
6626
6599
6599
6586
6579
6565
6560
6559
6511
6509
6508
6503
6498
6487
6483
6482
6446
6428
6426
6421
6397
6319
6317
6299
6249
6239
6198
6194
6194
6188
6173
6137
6095
6038
6017
6002
5992
5978
5950
5927
5927
5832
5829
5792
5788
5742
5728
5672
5629
5613
5611
5606
5547
5519
5510
5479
5479
5465
5465
5445
5441
5429
5380
5375
5354
5305
5300
5243
5213
5191
5168
5166
5164
5159
5156
5140
5137
5094
5066
5062
5050
5046
5046
5010
4992
4982
4939
4921
4921
4897
4888
4883
4824
4820
4810
4808
4792
4780
4774
4763
4756
4752
4747
4735
4728
4713
4710
4691
4685
4678
4678
4634
4541
4502
4501
4501
4496
4494
4493
4488
4478
4358
4336
4336
4336
4299
4293
4286
4282
4213
4194
4163
4162
4155
4155
4154
4135
4076
4067
4061
4053
4038
4026
3995
3977
3977
3977
3920
3908
3897
3888
3836
3799
3799
3759
3752
3716
3710
3709
3709
3707
3706
3696
3693
3693
3667
3663
3635
3597
3592
3590
3570
3570
3569
3568
3561
3480
3455
3428
3426
3421
3338
3306
3217
3208
3104
3099
3069
3064
3030
2956
2934
2922
2920
2916
2902
2902
2902
2887
2874
2861
2842
2821
2768
2767
2767
2675
2630
2628
2582
2565
2555
2537
2531
2531
2525
2346
2335
2281
2260
2246
2166
2115
2081
2072
2067
2065
2018
2013
2005
1998
1998
1994
1993
1992
1973
1949
1942
1903
1902
1891
1837
1837
1837
1836
1836
1810
1797
1783
1773
1759
1739
1660
1652
1643
1584
1558
1487
1486
1462
1439
1399
1388
1378
1374
1371
1368
1356
1356
1315
1298
1240
1230
1173
1128
1117
1112
1112
1108
1105
1104
1020
1017
989
988
931
867
841
826
770
745
705
678
673
658
655
645
604
604
593
580
572
516
513
506
493
488
472
467
467
463
439
421
414
396
396
377
334
323
304
286
286
284
259
226
226
226
205
205
140
120
120
32
32
32